cursor=44,37
[38;2;169;177;214m[48;2;43;47;65m ● tui-bc-pane.FOI8qa [38;2;120;124;153m  [38;2;169;177;214m[48;2;22;22;30m                                                                                             [38;2;122;162;247m +
[38;2;169;177;214m[48;2;43;47;65m   master               [48;2;22;22;30m
 ⌕ tui-bc-pane.FOI8qa[38;2;120;124;153m                                                                                                [38;2;169;177;214m ▧
 [38;2;122;162;247m [38;2;169;177;214m  [38;2;16;16;20m╭─[38;2;120;124;153mFiles[38;2;16;16;20m────────────────────────╮[38;2;120;124;153m│ ❮  ❯ [38;2;169;177;214m [38;2;120;124;153m tui-bc-pane.FOI8qa ›[38;2;169;177;214m doc.txt
[38;2;122;162;247m▎ ≡ [38;2;16;16;20m│[38;2;120;124;153m                        [38;2;122;162;247m ↥  ⊙ [38;2;16;16;20m│[38;2;120;124;153m│[38;2;169;177;214m [48;2;26;27;38m doc.txt [38;2;224;175;104m [38;2;169;177;214m × [48;2;22;22;30m                                                                [38;2;122;162;247m 1/1
[38;2;169;177;214m [38;2;122;162;247m [38;2;169;177;214m  [38;2;16;16;20m│[38;2;169;177;214m ▸ .git                       [38;2;16;16;20m│[38;2;120;124;153m│[38;2;122;162;247m[48;2;26;27;38m╭─────────────────────────────────────────────────────────────────────────────────╮
[48;2;22;22;30m [38;2;120;124;153m ⌕ [38;2;16;16;20m│[38;2;169;177;214m[48;2;30;32;46m · doc.txt                    [38;2;16;16;20m[48;2;22;22;30m│[38;2;120;124;153m│[38;2;122;162;247m[48;2;26;27;38m│[38;2;120;124;153m  90 [38;2;122;162;247m [38;2;169;177;214mPLINE-089 body[38;2;255;255;255m                                                            [48;2;22;22;30m [38;2;122;162;247m[48;2;26;27;38m│
[38;2;169;177;214m[48;2;22;22;30m [38;2;122;162;247m₁[38;2;169;177;214m  [38;2;16;16;20m│[38;2;255;255;255m                              [38;2;16;16;20m│[38;2;120;124;153m│[38;2;122;162;247m[48;2;26;27;38m│[38;2;120;124;153m  91 [38;2;122;162;247m [38;2;169;177;214mPLINE-090 body[38;2;255;255;255m                                                            [38;2;97;131;187m[48;2;22;22;30m•[38;2;122;162;247m[48;2;26;27;38m│
[48;2;22;22;30m [38;2;120;124;153m ⑂ [38;2;16;16;20m│[38;2;255;255;255m                              [38;2;16;16;20m│[38;2;120;124;153m│[38;2;122;162;247m[48;2;26;27;38m│[38;2;120;124;153m  92 [38;2;122;162;247m [38;2;169;177;214mPLINE-091 body[38;2;255;255;255m                                                            [48;2;22;22;30m [38;2;122;162;247m[48;2;26;27;38m│
[38;2;169;177;214m[48;2;22;22;30m [38;2;122;162;247m [38;2;169;177;214m  [38;2;16;16;20m│[38;2;255;255;255m                              [38;2;16;16;20m│[38;2;120;124;153m│[38;2;122;162;247m[48;2;26;27;38m│[38;2;120;124;153m  93 [38;2;122;162;247m [38;2;169;177;214mPLINE-092 body[38;2;255;255;255m                                                            [48;2;22;22;30m [38;2;122;162;247m[48;2;26;27;38m│
[48;2;22;22;30m [38;2;120;124;153m ▣ [38;2;16;16;20m│[38;2;255;255;255m                              [38;2;16;16;20m│[38;2;120;124;153m│[38;2;122;162;247m[48;2;26;27;38m│[38;2;120;124;153m  94 [38;2;122;162;247m [38;2;169;177;214mPLINE-093 body[38;2;255;255;255m                                                            [48;2;22;22;30m [38;2;122;162;247m[48;2;26;27;38m│
[38;2;169;177;214m[48;2;22;22;30m [38;2;122;162;247m [38;2;169;177;214m  [38;2;16;16;20m│[38;2;255;255;255m                              [38;2;16;16;20m│[38;2;120;124;153m│[38;2;122;162;247m[48;2;26;27;38m│[38;2;120;124;153m  95 [38;2;122;162;247m [38;2;169;177;214mPLINE-094 body[38;2;255;255;255m                                                            [48;2;22;22;30m [38;2;122;162;247m[48;2;26;27;38m│
[48;2;22;22;30m [38;2;120;124;153m ▶ [38;2;16;16;20m│[38;2;255;255;255m                              [38;2;16;16;20m│[38;2;120;124;153m│[38;2;122;162;247m[48;2;26;27;38m│[38;2;120;124;153m  96 [38;2;122;162;247m [38;2;169;177;214mPLINE-095 body[38;2;255;255;255m                                                            [48;2;22;22;30m [38;2;122;162;247m[48;2;26;27;38m│
[38;2;169;177;214m[48;2;22;22;30m [38;2;122;162;247m [38;2;169;177;214m  [38;2;16;16;20m│[38;2;255;255;255m                              [38;2;16;16;20m│[38;2;120;124;153m│[38;2;122;162;247m[48;2;26;27;38m│[38;2;120;124;153m  97 [38;2;122;162;247m [38;2;169;177;214mPLINE-096 body[38;2;255;255;255m                                                            [48;2;22;22;30m [38;2;122;162;247m[48;2;26;27;38m│
[48;2;22;22;30m [38;2;120;124;153m ◉ [38;2;16;16;20m│[38;2;255;255;255m                              [38;2;16;16;20m│[38;2;120;124;153m│[38;2;122;162;247m[48;2;26;27;38m│[38;2;120;124;153m  98 [38;2;122;162;247m [38;2;169;177;214mPLINE-097 body[38;2;255;255;255m                                                            [48;2;22;22;30m [38;2;122;162;247m[48;2;26;27;38m│
[38;2;169;177;214m[48;2;22;22;30m [38;2;122;162;247m [38;2;169;177;214m  [38;2;16;16;20m│[38;2;255;255;255m                              [38;2;16;16;20m│[38;2;120;124;153m│[38;2;122;162;247m[48;2;26;27;38m│[38;2;120;124;153m  99 [38;2;122;162;247m [38;2;169;177;214mPLINE-098 body[38;2;255;255;255m                                                            [48;2;22;22;30m [38;2;122;162;247m[48;2;26;27;38m│
[48;2;22;22;30m [38;2;120;124;153m ⧫ [38;2;16;16;20m│[38;2;255;255;255m                              [38;2;16;16;20m│[38;2;120;124;153m│[38;2;122;162;247m[48;2;26;27;38m│[38;2;120;124;153m 100 [38;2;122;162;247m [38;2;169;177;214mPLINE-099 body[38;2;255;255;255m                                                            [48;2;22;22;30m [38;2;122;162;247m[48;2;26;27;38m│
[38;2;255;255;255m[48;2;22;22;30m    [38;2;16;16;20m│[38;2;255;255;255m                              [38;2;16;16;20m│[38;2;120;124;153m│[38;2;122;162;247m[48;2;26;27;38m│[38;2;120;124;153m 101 [38;2;122;162;247m [38;2;169;177;214mPLINE-100 body[38;2;255;255;255m                                                            [48;2;22;22;30m [38;2;122;162;247m[48;2;26;27;38m│
[38;2;255;255;255m[48;2;22;22;30m    [38;2;16;16;20m│[38;2;255;255;255m                              [38;2;16;16;20m│[38;2;120;124;153m│[38;2;122;162;247m[48;2;26;27;38m│[38;2;120;124;153m 102 [38;2;122;162;247m [38;2;169;177;214mPLINE-101 body[38;2;255;255;255m                                                            [48;2;22;22;30m [38;2;122;162;247m[48;2;26;27;38m│
[38;2;255;255;255m[48;2;22;22;30m    [38;2;16;16;20m│[38;2;255;255;255m                              [38;2;16;16;20m│[38;2;120;124;153m│[38;2;122;162;247m[48;2;26;27;38m│[38;2;120;124;153m 103 [38;2;122;162;247m [38;2;169;177;214mPLINE-102 body[38;2;255;255;255m                                                            [48;2;22;22;30m [38;2;122;162;247m[48;2;26;27;38m│
[38;2;255;255;255m[48;2;22;22;30m    [38;2;16;16;20m│[38;2;255;255;255m                              [38;2;16;16;20m│[38;2;120;124;153m│[38;2;122;162;247m[48;2;26;27;38m│[38;2;120;124;153m 104 [38;2;122;162;247m [38;2;169;177;214mPLINE-103 body[38;2;255;255;255m                                                            [48;2;22;22;30m [38;2;122;162;247m[48;2;26;27;38m│
[38;2;255;255;255m[48;2;22;22;30m    [38;2;16;16;20m│[38;2;255;255;255m                              [38;2;16;16;20m│[38;2;120;124;153m│[38;2;122;162;247m[48;2;26;27;38m│[38;2;120;124;153m 105 [38;2;122;162;247m [38;2;169;177;214mPLINE-104 body[38;2;255;255;255m                                                            [48;2;22;22;30m [38;2;122;162;247m[48;2;26;27;38m│
[38;2;255;255;255m[48;2;22;22;30m    [38;2;16;16;20m│[38;2;255;255;255m                              [38;2;16;16;20m│[38;2;120;124;153m│[38;2;122;162;247m[48;2;26;27;38m│[38;2;120;124;153m 106 [38;2;122;162;247m [38;2;169;177;214mPLINE-105 body[38;2;255;255;255m                                                            [48;2;22;22;30m [38;2;122;162;247m[48;2;26;27;38m│
[38;2;255;255;255m[48;2;22;22;30m    [38;2;16;16;20m│[38;2;255;255;255m                              [38;2;16;16;20m│[38;2;120;124;153m│[38;2;122;162;247m[48;2;26;27;38m│[38;2;120;124;153m 107 [38;2;122;162;247m [38;2;169;177;214mPLINE-106 body[38;2;255;255;255m                                                            [48;2;22;22;30m [38;2;122;162;247m[48;2;26;27;38m│
[38;2;255;255;255m[48;2;22;22;30m    [38;2;16;16;20m│[38;2;255;255;255m                              [38;2;16;16;20m│[38;2;120;124;153m│[38;2;122;162;247m[48;2;26;27;38m│[38;2;120;124;153m 108 [38;2;122;162;247m [38;2;169;177;214mPLINE-107 body[38;2;255;255;255m                                                            [48;2;22;22;30m [38;2;122;162;247m[48;2;26;27;38m│
[38;2;255;255;255m[48;2;22;22;30m    [38;2;16;16;20m│[38;2;255;255;255m                              [38;2;16;16;20m│[38;2;120;124;153m│[38;2;122;162;247m[48;2;26;27;38m│[38;2;120;124;153m 109 [38;2;122;162;247m [38;2;169;177;214mPLINE-108 body[38;2;255;255;255m                                                            [48;2;22;22;30m [38;2;122;162;247m[48;2;26;27;38m│
[38;2;255;255;255m[48;2;22;22;30m    [38;2;16;16;20m│[38;2;255;255;255m                              [38;2;16;16;20m│[38;2;120;124;153m│[38;2;122;162;247m[48;2;26;27;38m│[38;2;120;124;153m 110 [38;2;122;162;247m [38;2;169;177;214mPLINE-109 body[38;2;255;255;255m                                                            [48;2;22;22;30m [38;2;122;162;247m[48;2;26;27;38m│
[38;2;255;255;255m[48;2;22;22;30m    [38;2;16;16;20m│[38;2;255;255;255m                              [38;2;16;16;20m│[38;2;120;124;153m│[38;2;122;162;247m[48;2;26;27;38m│[38;2;120;124;153m 111 [38;2;122;162;247m [38;2;169;177;214mPLINE-110 body[38;2;255;255;255m                                                            [48;2;22;22;30m [38;2;122;162;247m[48;2;26;27;38m│
[38;2;255;255;255m[48;2;22;22;30m    [38;2;16;16;20m│[38;2;255;255;255m                              [38;2;16;16;20m│[38;2;120;124;153m│[38;2;122;162;247m[48;2;26;27;38m│[38;2;120;124;153m 112 [38;2;122;162;247m [38;2;169;177;214mPLINE-111 body[38;2;255;255;255m                                                            [48;2;22;22;30m [38;2;122;162;247m[48;2;26;27;38m│
[38;2;255;255;255m[48;2;22;22;30m    [38;2;16;16;20m│[38;2;255;255;255m                              [38;2;16;16;20m│[38;2;120;124;153m│[38;2;122;162;247m[48;2;26;27;38m│[38;2;120;124;153m 113 [38;2;122;162;247m [38;2;169;177;214mPLINE-112 body[38;2;255;255;255m                                                            [48;2;22;22;30m [38;2;122;162;247m[48;2;26;27;38m│
[38;2;255;255;255m[48;2;22;22;30m    [38;2;16;16;20m│[38;2;255;255;255m                              [38;2;16;16;20m│[38;2;120;124;153m│[38;2;122;162;247m[48;2;26;27;38m│[38;2;120;124;153m 114 [38;2;122;162;247m [38;2;169;177;214mPLINE-113 body[38;2;255;255;255m                                                            [48;2;120;124;153m [38;2;122;162;247m[48;2;26;27;38m│
[38;2;255;255;255m[48;2;22;22;30m    [38;2;16;16;20m│[38;2;255;255;255m                              [38;2;16;16;20m│[38;2;120;124;153m│[38;2;122;162;247m[48;2;26;27;38m│[38;2;120;124;153m 115 [38;2;122;162;247m [38;2;169;177;214mPLINE-114 body[38;2;255;255;255m                                                            [48;2;120;124;153m [38;2;122;162;247m[48;2;26;27;38m│
[38;2;255;255;255m[48;2;22;22;30m    [38;2;16;16;20m│[38;2;255;255;255m                              [38;2;16;16;20m│[38;2;120;124;153m│[38;2;122;162;247m[48;2;26;27;38m│[38;2;120;124;153m 116 [38;2;122;162;247m [38;2;169;177;214mPLINE-115 body[38;2;255;255;255m                                                            [48;2;120;124;153m [38;2;122;162;247m[48;2;26;27;38m│
[38;2;255;255;255m[48;2;22;22;30m    [38;2;16;16;20m│[38;2;255;255;255m                              [38;2;16;16;20m│[38;2;120;124;153m│[38;2;122;162;247m[48;2;26;27;38m│[38;2;120;124;153m 117 [38;2;122;162;247m [38;2;169;177;214mPLINE-116 body[38;2;255;255;255m                                                            [48;2;120;124;153m [38;2;122;162;247m[48;2;26;27;38m│
[38;2;255;255;255m[48;2;22;22;30m    [38;2;16;16;20m│[38;2;255;255;255m                              [38;2;16;16;20m│[38;2;120;124;153m│[38;2;122;162;247m[48;2;26;27;38m│[38;2;120;124;153m 118 [38;2;122;162;247m [38;2;169;177;214mPLINE-117 body[38;2;255;255;255m                                                            [48;2;120;124;153m [38;2;122;162;247m[48;2;26;27;38m│
[38;2;255;255;255m[48;2;22;22;30m    [38;2;16;16;20m│[38;2;255;255;255m                              [38;2;16;16;20m│[38;2;120;124;153m│[38;2;122;162;247m[48;2;26;27;38m│[38;2;120;124;153m 119 [38;2;122;162;247m [38;2;169;177;214mPLINE-118 body[38;2;255;255;255m                                                            [48;2;120;124;153m [38;2;122;162;247m[48;2;26;27;38m│
[38;2;255;255;255m[48;2;22;22;30m    [38;2;16;16;20m│[38;2;255;255;255m                              [38;2;16;16;20m│[38;2;120;124;153m│[38;2;122;162;247m[48;2;26;27;38m│[38;2;120;124;153m 120 [38;2;122;162;247m [38;2;169;177;214mPLINE-119 body[38;2;255;255;255m                                                            [48;2;120;124;153m [38;2;122;162;247m[48;2;26;27;38m│
[38;2;255;255;255m[48;2;22;22;30m    [38;2;16;16;20m│[38;2;255;255;255m                              [38;2;16;16;20m│[38;2;120;124;153m│[38;2;122;162;247m[48;2;26;27;38m│ 121 ▏[38;2;255;255;255m                                                                          [48;2;120;124;153m [38;2;122;162;247m[48;2;26;27;38m│
[38;2;255;255;255m[48;2;22;22;30m    [38;2;16;16;20m╰──────────────────────────────╯[38;2;120;124;153m│[38;2;122;162;247m[48;2;26;27;38m╰──[38;2;169;177;214m ↵  ↕  ⇊ [38;2;122;162;247m──────────────────────────────────────────────────────────────────────╯
[38;2;120;124;153m[48;2;22;22;30m tui-bc-pane.FOI8qa  ·  doc.txt  ·  Ln 121, Col 1  ·  121 lines  ·  Language features unavailable — [38;2;255;255;255m [38;2;120;124;153m ❯  ⚙  ?  15:45  ▥
